0.19667 0.19667 0.19667 0.19667
0.20667 0.20667 0.20667 0.6204
0.6504 0.6504 0.6504 0.6504
0.6804 0.6804 0.6804 0.6804
0.6804 0.6804 0.6804 0.6804
0.6804 0.6804 0.6804 0.6804
0.6804 0.6804 0.6804 0.2502
0.2502 0.2502 0.2502 0.2502
0.0495 0.3003 0.3003 0.3003
0.3003 0.3303 0.3303 0.3303
0.3801 0.3801 0.3801 0.4401
0.4401 0.4401 0.5001 0.5001
0.16667 0.5001 0.5601 0.5601
0.5601 0.18667 0.5601 0.6201
0.6201 0.6201 0.6201 0.72
0.36 0.36 0.36 0.40995
0.40995 0.40995 0.40995 0.48
0.32 0.32 0.32 0.34
0.34 0.34 0.34 0.34
0.34 0.34 0.34 0.34
0.34 0.34 0.34 0.34
0.34 0.34 0.34 0.34
0.34 0.34 0.34 0.34
0.34 0.34 0.34 0.34
0.38 0.38 0.38 0.38
0.38 0.38 0.38 0.05
0.05 0.05 0.05 0.05
0.05 0.05 0.05 0.25
0.25 0.25 0.25 0.3
0.3 0.3 0.3 0.3
0.38 0.38 0.38 0.38
0.4 0.4 0.4 0.4
0.44 0.44 0.44 0.44
0.48 0.48 0.48 0.5
0.5 0.5 0.56 0.56
0.56 0.56 0.8 0.8
0.8 0.8 0.9 0.9