12 11 414 111 3312 411 14 14 114 114 2010 8410 14 2112 2112 2112 2112 2112 2111 2112
2111 2112 2113 2113 2111 2111 2111 2111 2112 2110 2110 2112 2111 2114 2212 5303 2110 2112 2112 2111
2212 2110 2110 2111 3300 2113 2110 2113 501 2111 502 501 3702 3700 3702 2111 2111 2112 2104 2104
2109 5300 2114 2112 2112 2112 2112 2110 5304 2110 2114 2110 2114 2110 2112 2112 2114 2114 2114 2114
2110 2114 2110 2112 2112 2112 2112 2112 2112 2105 2112 2112 2112 2112 2113 2113 2112 2112 2112 2110
2113 2114 2111 2110 2113 2112 2112 2111 2112 2112 2112 2114 2114 2113 505 504 504 504 504 504
509 504 3709 2113 2110 2110 2113 2113 2114 2112 2114 2104 2104 2110 2111 2111 2110 2113 2113 2111
3300 5302 2111 2110 2110 2114 2114 2114 5309 2114 2114 2114 2114 2104 2104 2114 2114 2114 2114 2104
2114 2114 2114 2114 419 7213 614 619 7212 2204 525 525 525 525 12 525 515 12 3310 114
111 3310 411 625 110 120 414 414 5413 1414 5414 414 414 12 410 412 618 415 410 610
611 619 614 614 611 614 612 611 414 415 603 615 604 411 12 12 514 660 6812 3700
14 2011 2110 2112 2112 2112 2112 2114 2112 2112 2112 2112 2114 2112 2112 2111 2111 2111 2111 2111
2111 2111 2111 2111 2111 2111 2111 2110 2113 2110 2113 2110 2113 2110 2112 2113 2112 2114 2114 2110
2110 2110 2110 2110 2110 2110 2110 2110 2110 2110 2110 2110 2110 2110 2110 2110 2110 2110 2112 2110
2110 2110 2110 2110 2110 2110 2112 2112 2112 2114 2110 2110 2110 2110 2110 2110 2110 2110 2110 2114
2110 519 509 504 504 504 509 2111 2111 2111 2111 2112 2112 2112 2110 2112 2110 2110 5300 2111
2111 2111 2111 2112 2112 2111 2111 2112 2112 2110 2114 14914 2114 2114 2104 2114 2114 7060 560 2114
2114 2114 2114 1614 2110 2114 114 514 2110 2110 2110 2110 2114 2110 2110 2114 2110 2104 2114 2114
2114 2114 2110 2110 2110 2110 2110 2110 2110 2110 2109 2114 2114 2114 2114 2114 2114 2114 2110 2110
2110 2110 2110 2110 2110 2110 2110 2110 2110 2110 2110 2110 2110 2110 2110 2110 2110 2110 2110 2110
8610 2110 2110 2114 2114 2114 2110 2110 2110 2111 2110 2110 2111 2110 2110 2110 2110 2110 2110 2110
2110 2110 2110 2110 2110 2110 2110 2110 2110 2110 2113 2110 2110 2110 2110 2110 2114 2114 2114 2114
2114 2114 2110 2110 2110 2110 2110 2110 2110 2110 2110 2110 2110 2110 2110 2110 2110 2110 2110 2110
2110 2110 2113 2110 2110 2114 2113 2114 2113 2110 2110 2110 2112 2110 2110 2110 2110 2112 2110 2110
2110 2110 2110 2110 2110 2110 2110 2110 2110 2110 2110 2114 2104 2119 2112 2112 2110 2110 2110 2110
2112 2110 2112 2112 2112 2110 2110 2114 2114 2110 2110 2110 2114 2111 2111 2111 2111 2111 2111 2114
2110 2110 2111 2110 2111 2110 2111 2110 2110 2110 2110 2110 2110 2114 2114 2114 2114 2114 2110 2110
2110 2110 2110 2113 2110 2110 2110 2110 2110 2110 2113 2110 2114 2114 2114 2110 2110 2110 2110 6811
13211 2110 2110 2110 2110 2113 2110 2114 2114 2114 2114 2114 2110 2110 2110 2114 2114 2113 2110 2110
2114 2110 2110 2110 2114 2110 2110 2110 2110 2110 2110 2110 2110 2110 2110 2110 2110 2110 2110 2110
2110 2110 2110 2110 2111 2110 2110 2110 112 113 12 510 6910 6 112 14 219 214 14 6514
12914 902 7202 515 106 1 503 6506 802 802 103 114 114 3310 114 214 112 212 214 202
14 3310 3310 3310 510 624 2250 110 120 15000 111 211 2200 610 412 6611 614 6810 13211 6812
412 13004 6604 6613 13013 200 202 14 200 6600 13002 114 110 110 13 16584 410 10184 12 11
104 2 1 114 12 204 12 410 213 410 614 603 614 2119 13 11 11 527 519 12
12 1000 1000 1000 1000 1000 1000 1000 1000 1000 1000 1000 1000 900 900 900 900 1000 900 1000
900 1000 900 900 1000 900 900 1000 900 900 900 1000 1000 1000 1000 1001 900 1001 900 900
900 1000 900 1000 1000 1001 1000 1001 7400 13700 7400 13700 1000 1400 7400 13700 7401 13701 1000 900
1400 1300 900 1300 1000 900 1000 1000 10 900 10 900 1000 11 14 900 1000 900 1000 1400
1300 7400 10 13700 1000 1403 413 900 900 1303 1000 1400 1402 1400 1000 1000 1000 900 1300 1000
900 1302 900 900 900 11 1400 13 1300 112 113 210 6413 6411 6413 6411 901 6610 13110 410
6300 6300 6300 6300 6810 13210 6300 6300 14 6414 12914 112 114 6813 1001 901 1001 4 12 12
12 6300 6300 6300 6300 504 509 13 1300 1400 7800 14100 1300 11 2204 2204 411 6811 7014 13314
12 600 114 110 502 206 12 11 6511 111 414 414 6814 114 12 214 412 6505 12905 105
6504 12904 111 104 414 6814 6614 13014 612 111 114 114 212 114 510 114 114 114 413 2014
614 610 612 619 414 12 6814 14 614 2214 2214 8614 614 11 14 6810 8614 614 410 11
2200 610 6 2201 111 14 104 611 214 11 410 114 6810 13211 100 11 12 6811 13210 502
111 1210 1210 1210 1210 101 12 6810 410 412 2014 510 412 514 6812 412 512 614 712 714
113 511 814 111 2114 2114 2110 503 504 500 2112 614 2112 2106 2114 510 2114 2114 2112 2112
2114 2112 514 2112 2112 2110 2110 6511 2115 2115 2211 2211 111 2114 111 2113 2110 2110 2114 2113
510 2113 2112 2113 2111 2114 2111 2114 2112 2112 2114 2114 515 2119 2104 2104 2112 2110 2114 2112
2111 2114 2114 2110 2111 2112 2112 2114 2112 2112 2112 2113 2112 2113 2112 512 2114 2100 2107 2112
2114 2106 2114 2114 2114 2114 504 509 509 2114 2114 519 505 504 519 504 504 504 504 504
509 519 5309 2104 2114 2114 2114 2114 2114 2114 2109 2109 2104 2119 2114 2114 2110 2110 2110 2110
2110 2110 5300 2101 5302 5309 2114 2114 2114 2114 2114 2114 2115 5300 5300 2112 2112 2112 2110 2110
2110 2112 2110 2110 2110 2110 2110 2104 2104 2104 2104 2119 2109 2105 2109 5304 512 511 6513 514
514 614 13310 410 614 6911 111 111 611 511 714 512 510 404 404 6804 612 510 414 6814
6812 100 112 6500 114 414 12 410 12 6810 6814 6814 13212 5510 114 114 112 113 610 112
411 212 411 5300 5300 6610 13110 6811 6811 614 2810 2812 6614 13314 210 400 7014 13014 12 2
510 502 502 6910 13310 6610 13210 6614 13214 7010 13210 14 614 12 314 614 614 3881 3600 7010
13410 3784 3784 514 614 3780 513 14 9 1210 2014 2014 2011 2011 2011 2012 3700 10100 1414 1413
1414 1411 1414 4684 1414 1413 1411 1412 3010 3010 3019 3019 1410 6282 3010 3014 6210 3011 3019 6284
4681 3014 6284 1411 3110 3029 1413 3019 3019 3011 3014 1410 6514 6514 6514 3311 1214 109 410 114
14 550 1314 6811 112 12 11 213 614 2010 1714 1714 2114 1710 2110 2110 2110 2110 2111 6901
2112 2111 2110 2110 2104 2110 2110 2114 2105 2104 2110 1710 2110 2110 2110 2112 2114 2114 2112 2110
7202 2114 513 8410 12 6510 3312 510 510 113 6913 110 209 3310 13 511 511 410 413 614
614 514 114 7014 13314 510 510 510 512 612 6912 13412 514 410 511 110 7014 13314 7014 13314
610 3310 6810 511 7010 13310 6514 12914 6910 13210 2250 510 614 414 610 6810 3310 520 14 3280
3311 3311 12 14 13 11 11 410 11 14 11 206 11 11 14 11 12 11 410 6810
13210 9881 6606 13006 6606 12 12 11 13 11 6514 6810 410 206 3381 3480 3481 9 14 12
12 11 113 14 13 200 6913 11 110 2808 410 410 408 110 410 212 410 412 6812 412
6612 3780 3780 3780 3780 3780 3780 3780 3780 3780 511 3784 3781 3784 3784 3783 519 3784 3784 3782
514 514 10183 10180 16580 10184 10180 16580 614 111 10184 10180 16580 2119 16584 16584 16583 13409 13414 14
19 9 6409 9 514 614 111 3780 3781 3780 2218 2218 2214 2214 2203 2203 2112 2112 2129 2129
2107 2107 111 111 504 504 2164 2164 3784 519 514 519 3781 2104 2104 2114 2114 519 614 513
619 410 614 2000 2000 2000 514 610 7010 13210 6914 514 6511 602 6914 610 6514 512 510 7010
13310 110 501 6901 410 512 414 414 3310 612 610 414 7801 14101 7801 14101 614 3780 6910 6511
614 613 2210 2211 14 12 14 412 3784 410 410 6509 12909 10184 16584 517 109 528 100 10184
210 3780 3784 3784 514 614 519 2010 14 12 7011 13311 3781 3780 3780 3780 3781 3780 3780 3780
514 512 112 112 11 512 6910 13310 510 514 6912 104 114 114 510 114 3310 6910 112 112
11 514 412 512 6914 6914 13314 512 510 512 514 9710 612 612 611 517 614 614 2120 612
614 613 612 612 612 13210 510 3310 3310 3310 510 2120 512 414 411 6510 12910 114 110 6914
114 114 514 418 10180 112 115 110 514 512 113 411 611 514 510 2119 502 419 619 614
513 410 514 612 612 510 514 6914 2200 2200 511 6911 6914 13414 2200 2200 514 6914 13414 511
510 6912 13412 6914 13314 614 411 411 6513 614 510 507 6819 414 6914 614 512 414 514 511
3610 10010 6810 1200 6800 110 12 209 510 114 209 114 214 12 214 114 111 114 614 614
110 11 512 12 14 512 610 6912 13312 6811 13411 6813 13413 512 14 3310 12 12 504 402
12 413 3310 3310 111 3310 3310 110 3310 112 113 11 613 510 114 12 112 12 3310 111
5310 5310 5310 5310 5310 2192 2192 5310 2192 5310 114 3802 3812 3812 12 12 12 12 114 114
512 12 510 510 111 514 614 614 510 610 500 502 2200 2200 2200 2200 2200 2200 2200 7010
13410 4 13010 6810 410 11 410 410 11 209 6609 514 6900 13009 610 6914 11 14 101 510
11 12 12 104 13 11 13 202 614 6811 11 202 604 2001 8401 2001 8401 411 411 6811
1211 6612 13412 6604 12 13004 605 410 12 411 204 7611 114 114 6514 12914 6514 12914 6514 411
114 114 109 212 11 411 11 202 413 6602 12 11 2810 11 114 510 6910 111 112 6512
12912 12 12 6824 110 6510 110 110 611 512 510 602 612 2211 2214 2211 2211 2214 2213 2211
2211 2213 2211 2210 2212 2210 2212 2212 2210 2212 2210 2210 2218 2210 2211 2218 2211 2210 2212 2216
2210 2212 2210 2216 2210 2211 2210 2210 2210 2211 2211 2210 2210 2211 2212 2213 2210 2212 2210 2214
2214 2213 2211 2210 2210 2211 2210 2210 2210 2210 2210 2210 2210 2210 2211 2210 2213 2211 2213 2210
2212 2210 2210 2210 2210 2210 2210 2210 2210 2210 2210 2210 2211 2210 2211 2210 2200 2200 2214 2210
2214 2210 2210 2210 2210 2210 2210 2210 2210 2210 2210 2212 2210 2210 2210 2212 2210 2210 2224 2224
2224 2224 2220 2220 2200 2200 2200 2200 2212 2211 2210 2214 2212 2211 2210 2214 2210 2214 2210 2210
2210 2214 2210 2210 2210 2211 2210 2212 2210 2211 2210 2212 2213 2210 2210 2212 2211 2210 2212 2210
2211 2212 2210 2210 2213 2210 2210 2213 2210 2210 2210 2212 2210 2210 2213 2210 2210 2212 2210 2210
2211 2210 2210 2211 2210 2210 2210 2210 2210 2210 2210 2210 2210 2210 2210 2210 2210 2216 2225 2210
2210 2225 2210 2210 2210 2210 2210 2214 2214 2212 2210 2210 2210 2210 2216 2217 2210 2217 2210 2210
2219 2209 2219 2210 2214 2214 2220 2220 2164 2164 2212 2210 2202 2212 2210 2202 512 2212 2212 2210
2210 2211 2210 2211 2211 2210 2200 2211 2211 2214 2200 2211 2214 2212 2212 2210 2214 2210 2214 2210
2210 2210 2210 2210 2210 2210 2210 2212 2210 2210 2210 2212 2210 2210 2210 2210 2210 2212 2210 2210
2212 2213 2213 2220 2220 2220 2220 2220 2214 2219 2219 2219 2219 2219 2219 2219 2219 512 514 2219
2219 2219 2219 1401 1401 2219 2219 2214 2214 2214 2214 2214 2214 2214 2214 2214 2214 2214 2214 2214
2214 2214 2214 714 2214 2214 2214 2214 2214 2214 1401 1401 2212 2210 2210 2210 2210 2210 2214 2210
2214 2214 2214 2214 2214 2224 2224 2211 2210 2210 2211 2211 2210 2211 2210 2210 2210 2211 2210 2210
2210 2210 2211 2210 2220 2210 2220 2220 2220 2220 2225 2225 2214 2214 2214 2214 2214 2214 2214 2214
2214 412 6812 402 410 614 512 510 512 612 514 11 6912 11 12 111 412 6412 13212 6411
13211 6411 13211 510 7012 13312 503 2114 2110 2112 2112 2114 2210 2210 2112 2114 2112 2114 2112 2112
2114 2114 2112 2112 613 2112 2110 2112 2112 2111 2111 2112 2110 2114 2114 2110 2110 2110 2112 2111
2103 2100 2110 2110 2110 2112 2111 2111 2111 2113 2113 2112 114 2111 2111 2111 2114 2111 2111 2114
2114 2112 2114 2111 2112 2111 2111 2112 2111 2113 2113 410 2111 2112 2112 2110 2112 6810 2114 2111
2110 2111 6412 2114 2111 2110 2114 2110 2111 2111 2113 2111 2110 2111 2112 2114 2110 2112 2113 2111
2110 2110 2110 2110 2112 2113 2110 2113 2113 2110 2113 504 509 504 504 504 504 504 2114 2114
2113 2114 2110 2114 2114 2114 2114 2114 2114 2114 2114 114 12 510 2110 2112 2110 2114 2114 2110
2112 2112 2110 2110 2110 2110 2112 2110 2110 2110 2110 2110 2112 2110 2110 2110 2114 2114 2114 2114
2114 2104 2104 2104 2104 2110 2111 2110 2110 2110 2110 2110 2110 2110 2110 2110 2110 2110 2110 2110
2110 2110 2110 2110 2110 2110 2112 2110 2110 2110 2110 2114 2114 2111 2111 2110 2110 2111 2110 2110
2110 2110 2110 2110 2111 2110 2111 2110 2110 2111 2110 2110 2110 2110 12 2111 2111 2111 2113 2111
2111 2110 2110 2114 2114 2114 2114 2114 2114 2114 2112 2114 2214 2112 2112 2104 2111 2112 2111 2110
2111 2110 2110 2110 2114 2114 611 2113 6514 12914 2114 2114 6412 13212 514 2111 2110 2114 2110 2114
2112 2112 2114 2114 6412 13212 2114 2114 2114 2114 2114 2104 2114 2110 411 2110 15 513 513 14
505 2012 111 12 12 6905 505 514 6405 6913 12913 509 1402 1000 1000 1000 1000 1000 1400 1400
7009 13402 600 1400 1000 1000 1000 1400 1400 1400 1000 1401 1001 1000 1403 1000 1000 600 1000 1000
1000 1000 1000 1000 1000 1000 1000 1000 1400 1400 1000 1000 1400 1001 1000 1000 1400 1000 1000 1400
1001 1000 1403 1000 1000 1000 1400 1000 1000 1000 1000 1000 1402 1400 1000 1000 1000 1000 1000 1000
1000 1001 1000 1000 1400 1000 1000 1000 1000 1000 1000 1000 1001 1000 1000 1001 1000 1000 1000 1000
600 1000 1400 1001 1000 1000 1000 1000 1000 1000 1000 1000 1000 1000 1000 1000 1000 1000 1000 1000
1000 1000 1000 1000 1401 1000 1000 1000 1000 1400 1000 1400 1000 1000 1000 1400 1001 1402 1000 1000
1400 1000 1000 5 1000 1400 1000 1000 1000 1000 1001 1000 1000 1000 1000 1403 1000 1000 609 1400
3610 414 2010 512 600 514 7000 13300 13 6413 13213 512 512 714 709 512 6914 13414 411 412
6811 412 510 414 6814 6912 414 511 6912 13311 512 114 513 514 411 512 514 511 412 6910
14912 610 610 6809 6912 410 110 112 409 511 511 512 514 6914 114 114 1210 6914 111 614
114 114 7114 514 7109 509 601 6914 114 114 409 409 6914 6909 410 8512 509 514 614 612
604 410 114 6514 11 11 6810 2010 610 2614 512 512 514 500 3214 3784 14 5451 5451 14
414 411 402 2200 2200 514 514 514 6914 12914 640 612 10184 510 512 6910 111 6511 512 600
510 111 111 5210 5210 513 513 514 504 6915 6914 6814 6815 614 414 415 514 515 604 601
601 612 211 111 6414 12814 411 211 613 2810 6901 13301 6901 13301 501 13 11 12 110 411
3480 11 14 411 12 12 13 114 11 11 6510 14 14 101 604 11 6414 12814 2014 2014
2014 414 414 2010 8410 11 11 11 12 614 604 610 414 6810 13210 6811 12 411 3383 11
11 410 3480 621 10104 16504 3800 600 603 7003 13413 604 611 614 600 3807 3801 600 6904 13304
604 604 3802 710 602 614 614 604 10103 16503 6904 13304 6904 13304 6904 13304 6904 13304 6902 13302
6901 13301 6512 13212 6914 13414 612 3711 3710 610 10110 16510 11 2150 615 617 610 14 519 619
619 619 414 414 10084 16484 6810 13210 519 3762 3761 510 614 514 2219 410 2219 6810 411 6811
2011 2214 2214 5412 5402 5412 2216 5410 5411 714 112 13 414 414 414 3684 410 119 419 614
2213 2211 2214 2214 5480 5480 5480 5480 2210 5480 5480 2210 2210 5480 410 410 2114 2114 2110 2110
2110 2110 2110 2111 2111 2110 2113 2113 2111 2112 2111 2112 2111 2111 2114 2114 2110 2113 2110 2114
2114 2114 2114 2111 2111 2110 2111 2111 2113 2110 2113 2112 2112 2112 2112 2110 2113 2113 2113 2113
2111 2112 2112 2110 2112 2112 2112 2112 2110 2111 2111 2111 2110 2110 2111 2110 2110 2111 2114 2111
14914 2111 2112 2111 2111 5300 2112 2111 2111 2110 2113 2113 2113 2113 2110 2110 2110 2111 2111 2110
2110 2111 2112 2110 2110 2110 2110 2111 2111 2110 2110 2110 2110 2110 2112 2112 2112 2112 2112 2112
2112 2112 510 2111 2112 2112 2112 2112 2112 2110 414 6801 2001 8401 6814 2114 2114 2114 2114 510
3710 3710 10110 6904 13204 2114 2114 2114 2111 2111 2111 2113 514 2114 2114 2110 2111 2109 2119 2110
2104 2104 400 2112 2114 2110 2111 2114 2114 2114 2114 2114 6910 13310 2112 2112 2112 2114 2111 2111
2111 2112 2114 2112 2111 8514 2110 2114 2114 2114 2114 402 401 400 2112 2112 2111 2111 2111 2110
2110 2111 2110 2110 2114 2114 2114 2114 2114 2111 2111 6800 6800 6802 2114 2114 2114 2114 504 2111
2111 2114 2114 2110 2111 2110 2110 2110 2110 3700 2111 2104 519 509 504 2114 2114 519 2113 2113
2114 504 2111 2114 2110 2114 2114 2114 2114 2114 2114 450 11 12 11 514 509 2210 2210 2210
2210 2211 2210 2210 2210 2211 8614 2210 2210 2210 2213 2211 2211 2210 2210 2210 2213 2213 2211 2210
2212 2211 2211 2211 2210 2212 2210 2210 2210 2209 2209 2209 2214 2210 2214 8614 2210 15014 2210 2210
12 2214 2214 2214 2214 6810 2214 2214 2214 15014 2214 2214 15014 15014 2010 12 14 13 12 2214
15014 110 7009 13409 609 2010 2010 2010 8510 8510 8514 8514 7014 13314 611 410 410 12 12 3310
14 14 614 512 614 419 3711 3711 2210 510 510 6910 13410 420 504 510 510 6910 13310 11
609 412 420 6820 514 509 6812 6812 412 3310 10111 114 111 16511 113 113 419 6819 2210 2210
2210 10111 16511 10111 16511 6820 111 111 6521 12911 14 121 121 411 112 112 3310 112 112 11
112 6811 2011 510 6810 14 12 550 6811 114 513 515 1204 1203 1203 1202 1200 1202 1204 1202
6950 3310 3310 510 550 6810 410 2014 8414 510 412 512 412 13 6812 10110 16510 211 410 111
102 111 2124 200 200 2111 203 2114 11 201 6601 13001 203 211 209 610 610 14 211 104
11 610 212 7010 13410 7010 13410 3480 6601 13001 11 11 621 1414 1411 1412 1413 510 410 112
12 411 6810 613 611 7011 13311 111 7012 13312 7012 13312 7012 13312 512 6412 13212 512 614 512
514 6912 13412 512 410 6511 6514 12914 111 111 6813 12813 510 610 6413 13213 6912 614 6910 13410
413 511 511 511 12 7010 13510 6412 13212 13 6413 13213 6413 13213 614 511 6813 512 13 512
110 410 6510 12910 114 609 12 513 512 512 413 6813 13213 512 112 112 6912 414 512 6912
410 100 12 494 213 1 113 108 110 114 6508 12908 114 510 3780 12 6412 13212 611 515
512 600 615 513 6912 511 112 6914 1400 512 114 114 6514 12914 12 2210 114 12 6412 13212
6412 13212 6514 12914 510 7015 13515 13 513 6413 13213 514 3712 12 6412 13212 6914 6514 1400 6910
13410 14 12 114 3714 410 6810 6514 12914 12 12 12 6412 13212 6412 13212 6412 13212 512 12
110 510 6412 13212 12 12 6412 13212 411 411 514 513 513 6913 13313 514 410 614 510 514
110 412 7014 13314 514 612 513 514 514 6914 13414 511 514 6914 13313 410 6811 13211 6811 6913
6914 510 510 6914 13414 6911 11 6411 13211 516 6916 611 3211 112 514 3210 411 6910 111 514
510 414 511 510 512 513 412 12 514 513 6914 13311 511 512 410 1410 11 13 11 13
112 4 14 113 1410 1210 11 1210 1210 11 3 6403 6403 12808 12808 104 14 610 500 211
11 12 11 11 2010 501 111 214 101 14 612 610 612 110 3881 3881 411 410 410 410
410 410 410 410 410 410 410 410 410 6810 1210 6810 1210 14 511 1408 1310 6810 1310 6810
6810 1310 6810 1310 1311 6811 1310 6810 511 510 510 519 3782 3784 3784 3784 519 514 514 510
3780 1414 3815 6810 1210 6810 1210 1210 6810 1210 6810 1210 6810 2414 910 910 10215 6910 6911 6914
14 6414 13214 410 410 512 112 111 512 511 511 114 111 6810 410 614 512 111 510 511
6510 12910 12 414 2414 12 12 112 2414 112 112 110 12 6412 13212 6412 13212 6412 13212 6814
13214 6412 13212 414 112 414 612 514 511 512 6914 13314 5700 112 614 611 6912 12812 612 614
514 6910 13310 611 614 513 6814 12 6412 13212 520 7012 13312 614 619 511 611 6514 12914 6412
13212 3714 6914 514 112 510 114 114 610 7010 13410 412 511 520 411 514 112 13 6413 13213
112 112 410 612 419 619 6912 512 414 514 414 513 514 514 6914 13314 414 6814 12 6814
13213 413 6814 13211 6810 13210 13301 6901 13311 114 114 6813 13213 410 6911 410 411 410 413 6914
614 510 12 411 113 113 614 3610 10010 614 6811 12 11 11 6106 514 6910 13210 6106 6108
114 510 510 401 401 412 512 6104 2909 514 12 412 511 7011 13311 511 511 511 511 404
402 512 512 514 410 510 510 6412 13212 6910 13410 614 12 510 414 6910 13310 6910 13410 7012
7011 7012 7012 512 7012 612 611 7013 613 613 612 612 612 7013 2010 6810 8410 114 114 2210
2210 412 12 513 6412 13212 514 6914 519 6919 510 114 114 12914 514 114 114 514 14 6414
13214 512 512 6912 512 6912 512 514 119 119 514 510 511 514 12 411 514 12 6412 13212
6412 13212 511 6514 503 2240 13 12 11 200 2804 110 13 13 114 114 6610 210 111 420
2240 410 1200 6810 7004 6510 611 613 11 614 2214 414 210 6814 115 115 6515 12915 104 114
410 114 14 6411 11 12 6411 13 511 414 12 11 109 410 12 410 3710 410 6814 8614
14814 7014 2004 11 3480 12 12 12 12 12 101 14 110 12 14 1310 519 510 6919 11
13 3384 12 12 510 514 510 6812 11 512 412 3650 520 6914 2210 2010 6810 8410 6810 2010
8410 11 14 114 14 414 412 612 500 11612 18012 614 14 6811 511 512 109 12 12 414
714 6812 13211 614 6514 113 6413 210 6610 8 6 414 414 14 610 14 14 14 14 410
2 12 400 400 400 400 400 400 6810 210 113 410 11 11 11 4 14 410 112 400
410 410 12 14 14 12 8 1210 6800 13210 610 109 104 610 2811 412 3881 13 414 9
14 12 2014 112 114 614 811 12 614 112 12 6514 114 412 214 2804 214 2001 2003 404
214 112 212 2611 6810 410 409 519 519 602 2114 2114 12 3781 3781 3780 6809 3783 109 3784
3784 3784 3782 519 514 3784 519 14 12 11 13 12909 114 12 6509 9 12 11 11 11
6810 6504 6414 14 104 3310 13 1214 2100 6413 12813 3710 3712 10110 6810 410 10112 16512 10110 16510
12 10010 16410 412 10010 16410 10062 16462 3610 3610 3610 12 2 11610 18010 11610 18010 11610 18010 11610
18010 105 104 2114 2114 2109 2105 112 3310 114 114 14 3724 3729 3720 3722 3720 3724 3724 3720
6814 9 423 509 514 514 509 519 509 5210 5220 440 440 9 0 514 0 414 9 440
440 442 0 440 440 9 444 2119 4 14 10 19 2 501 500 3729 3724 3724 3729 400
419 3712 3732 3720 519 519 500 3720 3740 3751 510 500 500 510 509 3723 510 501 502 511
3731 503 510 3720 3721 3720 444 419 442 440 440 440 7312 7311 414 6405 12805 6510 110 6504
12804 6505 12805 410 6919 10120 6919 10112 10132 5229 5200 10129 10124 10124 10129 6900 6901 10120 10124 10124
10120 10120 10120 10120 10122 10124 10129 6914 10121 6909 6910 6909 6914 6919 6903 6902 6911 6910 6901 10131
10123 6909 6909 6914 6900 6910 6910 6900 10151 10140 10120 6900 512 3662 14 7014 13414 14 104 13
12 110 2010 8410 6510 214 410 214 6810 13210 214 114 11 6514 114 12 112 214 4462 214
511 6810 5200 10862 11 212 410 12 12 414 14 14 12 11 114 214 10862 12 3662 12
12 11 4462 10062 10062 1210 1210 2010 8410 410 6810 13210 6514 12914 114 12 2102 111 114 110
6510 12910 111 2011 2021 510 1210 6910 2110 6910 214 510 214 2011 414 114 0 10 7 14
410 13 12 13 12 2012 8412 514 12 112 6812 412 7 11 1 2 11 6810 14 410
2010 6810 8410 114 9750 3480 3480 410 410 2010 112 114 114 412 14 210 13 2111 2121 101
11 413 11 112 12 12 111 14 14 14 14 14 14 14 14 114 14 14 414 512
412 2114 12 611 8514 14914 14 14 114 612 613 8514 14914 6514 611 613 7012 13412 604 511
412 3480 214 6614 610 11 1210 14 14 414 11 1211 1214 610 2001 13 6413 12813 6411 12811
14 14 6602 13002 6602 13002 610 610 114 14 14 113 6514 12 12 214 414 212 14 14
209 6609 612 3480 1214 2009 113 114 14 14 14 14 13009 410 410 219 219 411 219 6614
13014 202 610 202 6810 6810 614 11 12 512 13 11 11 610 510 414 12 114 101 115
11 414 212 414 11 11 14 112 112 3480 11 212 12 12 211 410 6813 414 3480 112
413 3380 214 2014 412 210 6614 6614 13214 112 210 2014 2014 414 6610 412 411 6812 214 613
614 412 7004 412 510 6812 411 412 11 613 3480 613 7013 13013 612 414 604 7004 13004 110
210 610 2011 2011 3480 2011 2012 2014 614 11 11 6812 2010 8410 613 114 3811 411 412 414
6810 13 514 13 411 6811 11 4 13 406 106 1234 7634 1234 434 6834 1234 7634 7634 6836
434 434 12 2036 436 6834 6834 6834 6836 434 436 2034 9 2034 8434 2036 8436 114 6914 6919
13319 411 13412 511 410 6912 13412 511 513 6911 13311 510 6910 510 512 510 6910 614 6910 13310
609 12 13 609 611 7003 13403 610 511 512 7010 13410 602 609 603 6514 6510 614 414 409
111 613 12 512 514 511 510 519 519 1110 410 6810 2010 8410 519 6109 6714 13314 2119 10110
2119 10111 114 109 6810 410 10111 6919 119 510 110 3711 3710 3711 684 690 683 681 601 690
681 680 680 6414 14 3610 414 421 422 3610 6822 13222 14 12 12 3612 11 3619 11 3610
12 613 2002 100 510 6910 13410 309 309 309 309 3780 11 413 6813 13213 6813 114 12 100
103 2011 101 6401 12 114 114 6500 410 6514 113 411 6811 7010 13410 7010 13410 7013 13410 7012
13414 214 411 111 610 614 6511 400 6800 13200 400 401 6812 400 400 6811 12911 110 13410 7010
13410 411 410 111 401 6801 3481 13 11 12 11 12 211 6611 610 114 6514 414 410 14
1210 410 114 6814 1210 12 11 13 12 11 2014 8414 14 14 411 6811 6810 13410 410 114
12 6814 13214 13 12 410 14 410 414 410 6814 205 2024 6814 11 12 3482 6810 914 910
6810 410 600 600 11 200 414 410 112 6512 200 6814 6600 13000 605 403 112 6 14 6414
3481 6810 2200 2010 6810 8410 2011 6811 8411 402 5324 5324 5329 5329 5329 5324 5324 5320 5324 550
414 515 12 6814 114 104 1 14 3311 3310 514 7010 13410 610 410 514 3312 512 2110 2110
2110 2110 2111 2113 2110 2113 2110 2110 2113 2110 2110 2110 2110 2110 2110 2110 2112 2110 2114 2111
2111 2110 2111 2110 2110 2110 2110 2110 2110 2110 2111 2113 2111 2111 2110 2110 2110 2110 2110 2110
2110 2110 2111 2110 2110 2111 2110 2110 2110 2110 2110 2110 2111 2111 2113 2110 2113 2110 2111 2110
2110 2110 2111 2112 2111 2110 2110 2110 2110 2110 2110 2110 2110 2110 2110 2110 2110 2110 2110 2110
2110 2110 2112 2110 2110 2112 2111 2110 2110 2111 2110 2110 2110 2110 2110 2110 2110 2110 2110 2110
2110 2110 2111 2110 2110 2110 2110 2110 2111 2110 2110 2110 2110 2112 2111 2112 2112 2112 2112 2112
2113 2113 2110 509 504 504 2110 2110 2110 2110 2110 2113 519 2113 2112 2111 2111 2112 2111 2111
2114 2114 2112 2112 2110 2112 2110 2112 2112 2111 2111 2114 2114 2110 2111 2111 2114 2110 2110 2110
2110 2110 2110 2110 2110 2110 2110 2110 2110 2110 2109 2114 2114 2114 2114 2114 2114 2114 2114 2114
2114 2114 2119 2114 2114 2104 2104 614 6910 13310 511 514 13 513 510 110 6910 13310 414 510
6101 6102 6100 2010 12 2002 2012 2011 2012 2012 2011 8400 14813 6614 13314 2010 2000 2011 6300 6300
6300 6300 111 12 6300 6300 112 6914 13014 514 8410 6810 2010 8410 6810 510 6100 111 112 6101
10 714 410 6810 13210 7114 13114 11 11 12 12 13 110 110 2000 2000 2000 2000 2000 2000
1709 1709 519 519 3784 514 3784 519 111 2036 114 436 6836 14 14 3210 6509 12909 14 114
414 1214 6814 6414 12814 109 1214 114 612 10000 16404 12 6509 6413 6411 12 11 11 11 11
12 12 11 11 11 11 410 212 411 412 12 410 410 514 6509 109 414 615 6619 6619
6811 6619 412 414 6812 13212 11 11 410 3480 640 410 410 410 410 6600 13000 414 412 412
2210 6601 13001 2211 3480 3480 201 200 3884 6814 113 3480 3480 5211 5211 5211 6512 13212 111 6812
6812 3480 411 114 2104 112 412 3350 410 510 6810 13210 513 6810 114 2213 104 2213 113 511
6911 514 6510 12910 404 2 12 6913 513 7310 6612 13012 212 12 2010 8410 2024 3784 6510 6510
6612 13012 6810 6810 2010 8410 3480 514 410 410 110 110 13 12 14 14 11 12 12 12
5210 515 114 12 12 12 12 409 409 14 4 6915 13115 12 6809 12 114 109 109 6809
515 114 614 2027 2019 419 3681 3682 14 11 12 12 12 12 13 3382 500 10082 11 111
6900 13100 103 502 503 411 10081 6811 3381 13219 2 102 10810 17210 6811 13211 6814 610 611 411
6402 410 6810 13210 6810 504 814 411 6811 14 6810 410 112 114 410 104 11 12 214 6810
13210 1214 101 5220 5212 2018 2019 2013 1216 2010 2011 2010 2010 2010 2010 2010 5280 2010 8612 8602
610 5210 111 7312 12 410 6810 13210 6810 2011 6084 8411 11 2010 8410 610 2010 112 7010 1210
6810 614 613 2810 2010 6080 6081 6080 110 112 6083 14 512 410 511 511 511 510 610 614
510 7010 13310 6910 13310 410 510 614 411 510 511 511 6811 514 614 400 10180 14 12 514
6914 114 110 510 510 514 514 511 6914 13314 6911 6914 3780 510 410 6810 110 6810 514 514
511 416 6914 13314 14 510 510 512 6914 514 513 512 12 12 2201 2000 12 11 414 6910
13410 514 513 6914 13312 512 6811 411 410 6810 411 6900 13300 3761 511 510 521 6803 13303 6812
13312 4540 10060 16560 521 6815 13215 610 613 510 414 511 512 613 114 109 511 514 509 111
6909 13309 6912 411 414 410 414 415 11 209 13 214 613 3480 200 11 12 12 12 11
11 11 12 14 13 11 2614 2614 2614 12 6811 414 6814 2260 410 6810 3481 12 12 3380
3380 3381 610 614 614 214 410 6614 414 412 612 13 514 12 511 7012 13312 510 514 915
911 914 3380 12 614 510 514 114 9780 16180 14 617 12 12 411 614 510 510 409 510
410 512 511 6912 13311 12 514 511 412 510 412 412 7014 13314 414 512 6814 12 14 419
12 510 514 12 6914 910 910 510 14 14 2912 12 514 5200 5200 511 412 1400 1400 600
600 12 112 510 12 412 6912 13312 6912 810 610 12 613 12 512 3780 3340 3351 3780 110
114 109 102 100 114 510 101 111 109 103 109 109 100 3323 110 3320 110 3331 3332 110
100 114 410 119 510 714 510 510 514 6914 13514 514 1700 6810 6714 13114 714 6914 7114 13114
515 6915 7114 13114 2014 8414 410 1210 12 600 600 3784 12 513 400 610 612 6810 410 2212
2202 12 8602 2202 12 12 12914 12911 12910 7212 912 2 812 812 10000 16400 1410 1410 5220 114
500 610 2010 8410 108 3680 3680 3680 12 11 12 3380 10080 6614 13214 114 114 2215 2215 6810
2001 2202 12 4 6404 12 11 12 410 2010 6810 410 11 6510 6510 12 12 13 410 12
12 13 13 414 110 110 113 12 602 12 10 413 410 414 13 2010 6810 13014 410 12
11 11 6810 13210 11 14 6610 12 514 114 109 6914 12914 610 13 114 11 1213 3781 3782
514 214 213 6614 6613 110 110 110 400 3710 10110 16510 10110 2000 2000 6800 510 6910 13110 10
6710 13114 210 114 2010 14 6514 610 610 1310 3600 3600 105 111 114 6910 13310 112 510 11
505 505 505 3310 412 6812 4 14 1410 6500 13300 3310 614 113 8519 12 2119 0 4 9
3310 100 11 214 114 510 510 6614 12914 510 12 6412 12812 12 6412 12812 12 6814 13214 6811
13211 6412 12812 414 411 12 510 14 2210 410 513 914 7314 516 510 611 514 412 414 12
6814 413 6814 12 6811 6811 414 411 12 414 520 614 414 6814 14 12 414 411 5280 5210
14 110 6810 2010 114 114 411 612 613 3481 103 3 400 400 111 6511 6811 8410 111 640
12 12 12 414 11 6412 12 12 6412 12 12 614 512 403 12 12 10 10 12 512
3312 3310 3710 3711 514 514 6813 13413 7013 13213 10110 16510 10111 16511 6912 13412 7012 13312 413 411
12 13 610 610 610 202 7010 410 610 14 14 6412 12812 13 211 6810 3732 514 514 6914
13114 6914 13114 3783 3784 514 10132 112 1 6510 113 2001 100 100 13 111 11 510 3784 7214
12 12 12 410 11 6810 12 2211 5484 11 14 111 6411 810 810 410 410 16420 16422 16420
16420 16421 16420 114 1310 6810 2110 8510 14910 209 1 2200 2200 111 414 1210 1210 1210 510 6910
13410 513 6913 13413 419 3700 104 112 6504 12 11 112 11 2819 14 12 3381 413 13 3380
3780 6514 2010 6810 8410 13 11 14 200 200 200 200 6600 614 613 200 410 6810 112 112
7013 13213 1400 1400 2200 8600 600 1200 609 1200 1200 6282 6282 510 6910 410 6810 114 200 6600
413 6812 410 411 410 610 610 614 612 6612 13012 11 2012 6812 510 1311 413 410 122 112
6812 102 6802 412 1310 410 420 510 14 3481 5210 5210 5210 3481 613 514 9 6522 412 411
212 412 520 6812 12 4 12 4 414 113 411 411 7619 7619 3784 3784 114 2017 2017 2014
2014 414 2014 511 511 3780 514 410 3480 3480 3480 2610 2240 2040 2040 10000 16400 9880 3480 110
3480 12 13 12 414 3480 214 201 214 8411 6914 11 6601 13001 8411 12 6511 12911 12 111
213 8411 8414 414 211 13 210 13 14 11 6810 13210 410 6610 13010 12 11 410 14 14
14 12 14 12 12 610 610 910 910 10 110 12 3480 414 410 614 12 11 112 16
12 13 12 111 411 411 12 8410 12 6811 6811 12 110 2813 6416 12816 6810 13210 410 2010
6810 513 610 111 614 114 14 6612 11 14 14 413 3482 414 111 6511 6511 12911 12 12
104 614 512 411 111 412 11 6411 13211 6814 419 512 11 6411 13211 6811 12 12 6412 13212
6412 13212 11 511 6911 13211 411 6411 13211 111 514 514 6510 12910 6510 12910 520 510 7012 13312
613 100 13 6413 13213 520 410 612 611 614 514 512 514 12 613 6412 13212 7014 13314 6412
13212 6914 410 611 611 512 7012 13312 12 512 514 514 611 14 512 411 614 514 14 10
614 3210 3211 14 514 514 13 6914 6814 13213 414 514 410 410 414 511 515 410 513 3210
3211 6901 513 511 412 419 6819 514 7011 13413 6500 12900 514 514 512 412 613 512 612 7012
13312 6912 410 7610 7610 610 6810 1210 410 6810 1210 3210 513 511 2414 7013 13413 614 512 512
511 511 6912 14 2019 114 511 212 411 12 11 12 11 414 6811 410 410 6610 210 111
12 14 12 11 11 11 410 6810 105 2010 8410 512 2010 2010 2010 8410 6810 6810 3600 3600
610 610 610 610 610 2610 8412 3381 2200 14 610 211 6511 411 210 411 9 3480 210 12
410 210 12 6810 14 7010 419 410 6610 13010 6819 214 201 112 605 602 414 13 210 3480
3480 6610 13410 7010 13410 6611 13011 609 201 6601 200 212 7015 13015 615 3782 3784 3781 519 519
514 514 3600 6409 12809 212 9 6914 411 410 410 3481 3481 6812 414 412 10 14 14 514
513 514 210 5450 5250 1221 11 11 11 3480 201 2212 2212 610 3481 411 14 11 14 11
13 2610 2110 6811 3600 511 2610 200 114 114 411 14 111 414 11 11 14 414 410 410
6814 5211 5210 5210 5210 5210 5210 5211 5210 5210 5210 5211 5210 5210 5210 410 410 412 414 414
7011 13411 414 414 6814 112 414 1 410 11 13 214 611 402 412 412 111 1310 3480 411
6511 6510 12910 111 7810 14010 7810 14210 2200 2200 2200 411 2200 2200 600 2200 114 414 3480 410
411 212 10 2001 8401 2000 8400 412 113 14 12 411 110 120 514 214 6810 6810 110 111
6811 13211 6812 412 6812 113 22 22 410 410 611 410 6810 15 15 15 15 14 14 12
8520 14920 8514 14914 410 110 6510 12 12 410 10000 10000 16400 16400 11 101 6810 411 611 14
12 12 411 2010 2010 10000 16400 210 12 12 11 14 14 410 12 12 602 611 12 12
1210 1210 1213 14 14 410 410 410 11 11 12 1214 13 3780 3784 3784 514 12 14 13412
13403 110 6510 12910 510 110 5 13 6810 6 414 414 104 104 6814 12 6814 12814 12 12
12 6406 12806 1201 1209 400 400 2001 2009 2000 410 421 415 411 424 2024 14 14 14 414
112 6405 3382 111 2000 2000 2000 2000 114 3382 6812 510 6915 13115 412 3784 514 410 2 500
515 113 6514 13014 6614 13314 113 9660 15 14 3260 110 3310 510 500 6900 12900 6910 12910 504
214 114 15 6611 13411 12 6815 12 211 415 3380 12 14 12 12 12 11 13314 610 610
2010 8410 100 204 3600 412 412 3600 13 6814 13319 6814 6810 13310 419 209 200 12 12 200
14 14 11 11 12 212 14 3301 2010 104 12 12 11 2010 6810 8410 613 680 681 600
7000 2200 613 619 500 12 3381 3381 6811 411 414 210 3480 6811 12 411 6811 210 12 411
410 410 6810 114 6811 410 410 7610 7610 212 3481 411 2010 200 200 3382 3380 1210 6810 1210
6810 614 615 209 615 411 214 6811 13211 6614 202 13014 6811 409 6811 411 12 11 610 11
14 12 6602 13002 1002 6602 13002 202 202 11 12 510 207 13 2210 2210 8610 2210 410 510
611 6810 7011 13011 7 14 410 1312 13411 7011 13413 111 12 114 14 12 500 513 114 504
504 504 509 2112 6514 12914 2112 2113 2114 2113 2114 2110 2110 2114 2114 2112 2110 2110 2110 2110
2112 2110 2111 2111 2110 2110 8510 14910 2110 8510 14910 2111 2111 2114 2114 509 504 2112 2114 2114
2112 2112 2110 2110 2110 2112 2112 2111 2111 2110 2112 2112 2112 2110 2112 2110 2110 2112 2111 2112
2113 2110 2112 2113 2110 2112 2111 2112 2112 2111 2111 2111 2111 2111 2111 2111 2110 2112 2110 2112
2110 8510 14910 2112 2112 2109 2104 2104 2104 2109 2104 2114 2119 514 2114 509 104 2114 2114 2114
2114 2114 2114 2114 2114 2114 2114 2112 2111 2110 2111 2110 2102 2110 2114 2114 514 2119 2119 2114
2114 610 610 609 510 414 513 510 3310 415 414 414 410 614 611 6910 514 6810 6909 13309
6914 13314 12 12 12 12 514 14 411 11 2104 102 2105 6510 12910 110 510 2109 411 514
512 610 7010 2110 2110 504 519 519 504 505 504 504 519 512 512 2104 2114 2112 2112 2114
2112 2112 2113 2112 2112 2113 2104 2119 2119 2112 2110 2110 2112 2112 2112 2112 2111 2104 2105 2119
2111 2112 2112 2112 2111 2112 2111 2111 2111 2112 2112 8511 2110 2110 8511 2112 2112 2111 2111 2114
2114 2114 2113 2113 2113 2110 2111 2110 2114 2111 2111 2111 2112 2112 2114 2114 2112 2112 2112 2110
2110 2111 2113 2111 2113 2110 2111 2110 2110 2111 2110 2110 2110 2110 2110 2110 2110 2111 2112 2112
500 2100 510 2104 7210 2114 514 2114 6912 412 510 414 6812 412 414 613 511 411 514 6914
6914 13414 514 514 6914 13514 614 714 12 2 14 4 12 4 14 12 2 4 14 2
12 5 14 4 3382 11 13 11 400 400 12 11 12 14 12 11 11 400 400 514
514 210 104 14 14 514 11 112 810 810 7210 606 13005 1400 1400 1400 1400 1400 1400 1400
1400 1400 1400 1400 1400 1400 1400 1400 1400 1401 1400 1400 1401 1401 1400 1400 1400 1400 1400 1401
1400 400 400 2000 2000 3 7800 14100 6403 7800 14100 7800 14100 7800 14100 7800 14100 7800 14100 7800
14100 7800 14100 7801 14101 7801 14101 7700 13700 7800 14100 7800 14100 7800 14100 7800 14100 7800 14100 7801
14101 7800 14100 1400 1000 1000 14 11 12 11 6813 414 6814 614 206 519 514 519 3784 3784
11 9 6409 12809 12 12 6412 12 6412 411 411 14 514 6914 13314 10181 10182 13 16581 16582
200 210 12 12 2204 2204 209 910 2010 2120 2114 1210 5210 2114 2120 8514 8520 411 411 211
214 512 400 412 401 6801 12 6812 13211 6800 6811 14 14 14 210 412 12 12 3381 14
2200 2200 2200 2200 2200 2200 2200 600 601 410 410 6810 3482 3482 3482 12 5880 5880 6810 2010
2010 8410 6812 6625 6615 13025 13015 12 412 2114 12 12 1410 1410 1410 13025 13015 6625 6615 110
6800 2000 8400 6510 12912 400 210 410 410 114 414 4410 3382 414 214 14 225 215 12 3480
2812 6210 3012 3012 3011 3013 6282 3014 3014 6284 3011 3019 2803 2811 2802 2814 6083 2814 2814 6084
6084 1414 6080 6081 6080 6082 6080 2811 2810 3019 3019 2810 2810 2817 2810 6082 6083 6080 6284 6084
2814 2814 6084 6084 3010 3019 3013 2814 3014 3010 2010 6514 13214 6814 13214 11 8414 14814 6914 6514
410 414 414 114 114 518 2013 2010 2011 2010 2010 2010 2010 2010 2010 2010 2010 2010 1614 2010
2014 2014 2014 413 2013 2010 2010 2010 2010 2010 2010 2011 2010 2010 2010 2010 2010 3781 3784 519
3784 519 519 519 514 611 402 611 7011 13211 401 2011 6801 3600 412 211 211 410 410 6802
3600 3600 3600 3482 2001 3602 3600 6813 13013 6919 3382 13319 112 114 3380 3380 13 13 112 2014
408 401 403 401 404 400 401 400 402 9750 502 411 413 15 14 12 14 14 210 410
1211 1210 6610 13010 10 6902 502 16614 2019 419 410 510 2010 6810 610 6609 12909 10 610 409
2002 2002 12 109 6409 6809 600 12 12 210 12 12 12 3381 3381 12 210 2001 8401 2610
6618 13018 6610 2610 3481 7017 13017 7014 13414 209 218 11 11 11 6409 109 12 12 6910 11
3381 614 111 510 617 210 200 3380 3382 3380 1210 6825 12 6509 12809 109 510 410 1410 1410
1410 1410 1411 1410 1410 1410 12 6412 13212 512 6411 13211 512 1314 102 11 514 514 511 511
514 411 6812 13210 13412 13412 412 110 500 500 10110 16510 10110 16510 510 3710 3710 112 7714 12
410 410 6412 13212 520 414 514 613 514 511 510 6812 100 3310 411 6500 12900 6811 2011 511
513 612 610 3310 510 411 12 12 12 3310 12 12 12 12 12 12 12 12 14 13
14 13 112 6512 12912 12 108 14 112 6512 112 550 111 112 116 6510 12910 400 514 12
114 6514 12914 6514 114 111 514 11 12 6411 13211 6412 13212 510 512 6810 510 614 614 413
6813 13213 12 12 6412 13212 614 6412 13212 514 7014 13314 7014 512 414 614 6413 13213 14914 511
514 6412 13212 2140 14 6914 13 12 6912 411 6414 13214 510 510 514 12 6814 12 6914 6412
13212 6412 13212 6914 6811 2011 514 614 612 511 6811 13211 6411 13211 513 511 513 411 1 411
516 514 6911 612 415 510 6914 13315 511 512 512 8514 614 610 110 610 6811 13211 6815 13215
412 11 111 110 110 110 414 2014 6814 513 6913 519 422 10 6822 2022 410 410 510 410
14 14 6810 14 14 102 6810 13210 11 210 6610 13410 7012 13412 12 12 3381 411 12 14
11 13 12 214 1313 1014 13 11 111 101 400 402 6811 13210 12 6810 2010 8410 12 411
211 202 106 9781 3381 6506 12906 911 104 3481 901 9 6406 6 6810 2010 8410 6813 212 112
214 111 112 420 6810 2010 8410 6620 6811 2001 8401 2001 8410 2010 6810 8410 2010 6810 6512 410
209 11 13310 410 8410 202 411 201 6810 2010 220 3481 401 6801 3480 410 6811 411 410 6601
13002 610 6602 13001 614 401 401 6801 512 414 12 612 6412 13212 114 12 6412 13212 12 510
6412 13212 412 6504 12904 410 6812 6912 514 514 514 12 6412 13212 511 6912 13311 614 516 12
6412 13212 512 6914 13414 100 7010 13310 11 6411 13211 512 11 6811 13211 6411 13211 11 512 6411
13211 6810 6803 7010 13310 2010 3 6403 13203 515 6915 13314 12 6412 13212 6916 13316 114 510 412
511 411 512 6814 111 6912 12912 6811 414 11 13 6413 13213 6412 13212 6412 13212 6411 13211 514
14 510 510 512 114 514 610 512 810 510 12 12 614 514 514 412 413 6813 13213 6813
211 6502 12902 6512 12912 6510 12910 511 510 111 12 11 6412 13212 6411 13211 510 12 6412 13212
512 510 6810 13210 6910 13310 510 514 114 414 6514 12914 512 711 414 5410 5410 3380 3380 512
511 512 511 414 6814 13214 614 514 6814 13214 6911 13310 510 512 510 612 2012 2011 2010 8411
8412 8410 6814 514 512 614 6811 614 410 6912 6514 12914 6914 2210 12 514 514 411 514 2114
2114 514 519 2109 517 114 116 114 11 112 109 116 6516 116 116 114 6516 6514 6516 7090
7081 7084 7090 7083 7081 7080 7080 12 14 102 12 12 11 12 414 511 112 6512 6814 410
114 11 6902 13302 411 614 13 6811 12 9 9 210 6412 12 209 12 6610 13110 101 6501
110 402 12 102 102 6502 111 309 6802 11 411 411 2013 410 412 12 12 410 412 5310
3260 12 12 12 640 410 114 613 200 200 6600 13000 6600 13000 3481 111 200 200 200 6600
13000 200 6501 6509 6501 6501 6502 9660 411 506 6600 13000 114 2615 411 6414 14 14 211 200
612 102 101 101 109 101 12 11 12 12 12 2809 2809 3350 411 103 114 6811 114 202
202 511 12 6911 12911 14 4 3780 10 6820 411 3784 425 416 415 418 412 202 12 420
6404 210 210 219 213 212 210 6602 13002 214 3600 12 112 514 411 513 6913 13013 3382 114
114 2210 6811 8614 14814 2810 2814 2810 610 610 1210 1814 213 1813 6613 1300 7700 6810 1300 212
6610 6610 210 210 14 3480 203 610 614 410 205 11 14 14 11 14 14 12 12 1410
1410 11 14 14 12 12 414 13009 114 114 14 14 3480 10000 16400 610 911 414 414 214
214 211 410 209 12 12 6609 2810 2010 114 1010 614 414 611 14 410 410 2211 2012 214
614 614 214 7410 13810 14 412 111 810 107 108 9 111 1401 1400 1400 1401 1400 1300 1300
1400 1400 1400 1400 1400 1400 1400 1401 1300 1400 1300 1401 1400 6409 12809 609 309 3700 202 8411
412 412 3394 111 6811 2011 412 212 411 110 604 604 11 110 6812 13210 6810 11 12 413
6510 7014 13014 413 1314 3784 514 514 214 6810 2012 6812 3480 1219 1219 110 3480 114 112 410
410 412 420 6813 6813 13213 2820 2014 7014 13014 614 6618 13015 114 2014 2014 410 410 12 11
12 614 114 13 410 410 410 14 2014 2014 411 411 210 414 3380 412 1410 12 6412 13212
513 514 510 512 6914 13312 511 411 612 510 514 1311 13 11 6413 13213 5306 3704 611 5304
6411 13211 11 6411 13211 513 2110 2110 2110 2109 5304 512 614 414 2114 2114 2110 2110 2112 2110
2111 2110 2114 2114 612 412 3712 514 514 14 12 6513 612 2114 2114 511 12 6412 13212 614
11 6411 13211 6412 13212 12 111 2912 610 610 610 610 611 610 610 614 512 612 412 1210
511 113 512 6911 2111 2112 504 505 504 504 504 504 519 509 504 509 509 519 509 509
2114 2114 2114 2114 2112 2112 2111 2110 2110 2112 2111 2111 2113 2110 2112 2111 2110 2110 2111 2112
2112 2111 2114 2112 2112 2110 2110 2113 2110 2113 2112 2113 2111 2112 2114 2110 2112 2112 2113 2113
2113 2112 2110 2112 2111 2110 2110 2110 2110 2110 2110 2110 2113 2112 2111 2110 2111 2112 2113 2112
2110 2111 2110 2111 2114 2110 2112 2112 2111 2111 2113 2111 2119 414 2110 2111 2110 2110 2110 2111
2110 2110 2110 2112 2110 2110 2112 2112 2113 2110 2113 2112 2111 2109 2111 2112 2111 2111 2110 2110
2110 2114 2112 2113 2111 2112 2110 2114 2114 2112 2112 2110 2110 2110 2110 2114 2110 5308 2112 2110
2114 2112 2112 2110 2113 2112 2112 2114 2110 2111 2111 2112 2113 2112 2112 2111 2111 2110 2110 2112
2111 2112 2111 2110 2110 2110 2110 2110 2112 2112 2111 2114 2112 2114 2112 2110 2110 2112 2110 2112
2112 2110 2110 2112 2114 2114 2110 2112 2113 2112 2111 2114 2112 2114 2110 2109 2114 2104 2119 2104
2109 2111 2111 2112 2111 2112 2114 2114 2114 2114 2114 2114 2114 2110 2110 2109 2110 2111 5302 2110
2109 2104 2104 2104 2114 2114 2114 2114 2114 2110 2111 2110 2112 2112 2110 2112 2111 2110 2111 2110
2113 513 2112 2112 640 414 510 514 511 511 112 14 14 6912 13312 413 510 611 611 512
3251 514 8614 15014 414 511 514 117 510 6914 6914 410 6810 514 6911 6910 13410 413 514 7011
412 412 610 511 7010 13310 414 510 120 510 413 214 411 12 6813 600 600 12 414 610
12 115 12 14 211 414 414 610 212 111 110 6412 6614 214 14 14 612 510 119 3484
115 110 612 13014 214 14 12 13 11 14 1210 7610 14 14 14 14 11 14 604 2010
6810 11 14 11 4 410 3380 411 6811 204 612 614 7012 2000 2000 2000 2000 2000 2000 10161
10161 16461 10162 16462 6414 600 14 13 204 14 6414 210 12 6610 13010 12 13 13 114 114
104 113 6504 12904 510 6810 13214 410 6814 12 410 6913 13313 510 6910 2110 414 225 225 11
13 114 114 10 510 111 14 15 15 414 414 6814 6811 414 1410 1410 6900 611 3480 114
411 6811 13411 6814 1211 1412 500 410 2014 8414 2014 1210 1210 1210 1413 104 114 411 110 14
212 3700 10100 410 410 410 412 12 3380 410 14 14 514 12 414 514 14 514 512 2312
510 2314 510 510 612 6910 13310 6914 13314 2114 2114 3380 6910 11 514 114 111 510 510 2210
2210 403 6910 13310 410 6910 13410 510 510 514 410 7011 13311 6914 613 514 514 611 414 6914
616 6810 2010 8410 511 12 514 413 6412 13212 411 6811 13211 6811 13211 2411 6412 13212 12 7014
412 614 12 6412 13212 6812 514 2411 512 410 514 6810 2000 2000 2000 512 514 6914 512 610
514 512 410 611 513 6914 510 513 410 512 512 6914 13312 6914 13312 613 610 610 614 612
12 6412 13212 511 514 7012 13312 7012 13312 413 501 6401 913 413 511 614 612 612 6412 13212
2220 12 6500 12900 614 3210 1411 611 411 1411 3712 10112 114 104 6100 6100 6102 6101 6104 6103
6109 6101 6102 6101 6100 6109 6210 6205 6201 6201 600 600 14 9 214 114 2200 7000 13400 6103
6101 6102 6100 2611 8610 2212 2213 6514 12 12 12 611 610 12 2 6402 6412 2 12 12
4 14 14 12 5200 202 12 410 213 6810 600 210 2210 14 13 12 14 413 412 1210
12 12 414 414 614 414 414 111 414 7010 13410 1214 1410 1410 1413 12 12 6610 13014 411
411 414 414 1414 2010 200 412 105 414 7614 3480 1311 3480 6610 13410 613 6814 14 1414 1414
1414 1414 1414 1414 514 6505 12905 14 12 12 14 14 14 14 12 12 14 12 12 611
410 410 14 110 7011 13011 410 410 613 611 210 2010 6810 3310 614 14 14 114 112 12
12 414 3310 3311 1619 112 110 2210 12 510 12 14 404 14 1210 1210 14 414 12 11
12 12 2112 2111 2111 2111 2111 2112 2110 410 2111 2111 2114 2114 2111 410 410 410 2111 2112
2110 2113 6814 13214 2114 2111 2112 2112 2112 2112 2112 2210 2112 2112 2112 2110 2110 2110 2112 2113
2110 2112 2110 2110 2110 2110 2110 2110 2111 2110 2110 2111 2210 2210 2210 2210 2210 2112 2210 2112
2210 2113 2111 2110 2112 2110 2110 2110 2112 2113 2112 2113 2113 2112 2111 2111 2110 2110 2112 2112
2114 2114 2112 2112 2112 2112 2112 2111 2110 2110 2110 2110 2110 2111 2111 2112 2110 2110 2110 414
2114 2114 414 2114 2110 2110 2111 2112 2111 2110 2110 2110 2110 2114 2110 2111 2112 2111 2114 2112
2112 2114 2114 2110 2110 2110 2112 2110 2110 2110 2110 2110 2112 2110 2110 2110 2110 2110 2112 2110
2111 2111 2111 2112 2112 2112 2111 2110 2110 2110 2112 2112 2111 2112 2112 2114 2112 2114 2111 2111
2111 2110 2111 2110 513 8614 14900 8614 14900 512 2104 414 2114 2112 2111 2112 2111 2114 2114 2104
2104 2109 2119 2114 2114 2114 2114 414 2114 2114 2110 2104 2112 2114 2114 2114 2114 2109 2110 610
7010 13310 2114 2114 2110 2112 2114 2114 2114 2114 2110 2111 504 2114 2114 2114 2114 504 509 509
504 519 504 504 2114 2114 2112 414 2113 2112 2113 2111 2111 2111 2114 2114 511 2111 2112 2114
2114 2112 2111 2104 2110 2111 2110 2111 2114 2114 2114 2114 6814 13214 2114 6814 2114 2114 2114 2114
2110 2114 2110 12 12 414 12 512 410 410 410 2250 7215 410 2050 2250 410 410 410 514
514 7204 511 1310 810 414 514 514 810 512 1310 6911 13 6412 12 12 6912 510 6914 6914
12 12 610 513 6914 13314 11 514 6914 511 6911 510 6914 13314 414 6814 102 411 12 2108
14 7014 614 12 621 611 112 110 6900 12900 500 500 114 410 111 2111 2101 5210 7003 13303
6910 13310 7003 12903 610 7010 12910 603 610 7010 13310 603 911 912 100 7012 2114 603 11 12
11 11 12 3381 11 11 510 12 12 12 14 12 13 11 12 6610 13210 6610 13210 11
12 12 13 12 3481 410 6810 13410 3711 10111 4 14 14 4 410 110 110 113 604 2212
1811 1811 2212 1814 1810 1814 2211 1812 1810 1810 1814 1814 2214 1814 1814 1814 2210 2210 1820 1820
1820 1820 1821 1814 1814 1812 1812 2214 2214 2214 2214 1814 6902 13302 1310 1310 2000 1410 1410 7710
7710 410 410 111 619 1209 1204 510 2100 510 6910 12 12 12 110 12 413 6510 12910 110
510 1 112 6514 414 14 6414 13214 611 514 511 511 6914 13314 3210 3210 110 112 112 110
511 112 112 112 112 112 112 512 612 6512 12912 6512 12912 512 514 512 6514 12914 612 12
6412 13212 514 512 414 614 12 511 12 6412 13212 6412 13212 511 6911 514 512 6914 110 410
411 413 6512 12912 510 6912 6910 510 6910 13310 512 512 6414 13214 112 14 11 614 101 5480
510 5480 5480 411 414 414 5480 614 11 614 12 12 6510 110 13 211 410 6814 13014 12910
6910 9 14 6510 110 14 510 510 410 412 514 512 512 111 13 6910 6910 714 610 2814
6814 9214 15314 111 510 110 410 414 512 2111 2114 613 414 514 412 414 6812 7014 13314 7014
13414 510 6910 614 110 7014 13314 6912 510 2114 514 514 614 512 612 614 614 512 614 614
3780 12 512 6412 13212 511 514 714 614 614 614 514 614 511 6914 514 512 614 6814 514
611 6914 512 614 514 2111 2111 2114 2114 2111 2114 2112 6810 2114 2111 2110 2110 2112 2114 2114
2111 2110 514 411 13214 610 404 114 114 514 6914 13314 610 510 7010 6514 12914 7010 510 514
514 511 514 510 514 6914 411 6914 512 510 510 510 6911 13310 6914 6914 512 3660 514 414
514 512 513 511 512 914 810 414 411 514 514 414 411 2104 2104 2104 2114 2114 2112 2114
2114 2114 2114 504 504 509 505 2104 504 504 504 504 6914 512 2104 2104 2105 2109 2109 2109
2114 2114 2114 2114 2114 2114 2114 2110 2112 2113 2123 514 7114 512 2114 2110 2123 2111 509 2110
13414 2112 211 12 113 6814 11 114 12 12 12 12 1411 511 514 6911 13011 110 3382 12
11 610 114 113 500 514 111 113 110 510 6412 13212 12 6412 13212 512 3780 412 514 514
12 14 413 11 6411 13211 12 512 11 6412 13212 6412 13212 6412 13212 6411 13211 6414 12 512
12 12 12 6412 13212 14 6414 13214 511 511 13214 510 6814 611 6412 13212 514 6812 411 412
114 114 3702 715 3700 410 12 6810 2010 8410 6412 13212 410 2112 2112 2110 2114 2111 2112 2110
2111 2114 2112 2110 2112 2112 2110 2110 2110 2110 2110 2110 2111 2111 2110 2110 2110 2110 2110 2110
2111 2111 2110 2111 2110 2110 2112 2112 2111 2114 2114 2111 2110 2110 2110 2110 2110 519 504 504
504 519 504 509 504 509 509 2112 2112 2112 2112 2112 2110 2112 2112 2110 2110 509 509 2113
2113 2113 2113 2112 2111 2110 2110 2110 2111 2113 2112 2111 2112 2112 2112 2112 2112 3700 2114 2100
6100 2113 2112 2114 2114 6514 12914 2114 2100 2114 2112 2114 2114 2114 2111 504 505 504 112 2111
2112 2110 2110 2110 2110 410 2113 2112 2112 2113 2113 2110 2114 2114 2110 2114 2114 2110 2115 2113
2113 614 2103 2110 2114 2114 2110 2110 2114 2110 2114 2112 2111 2112 614 511 2110 2114 2114 614
614 2113 2110 2112 2110 2110 2110 2110 2110 2111 2110 2110 2110 2110 2110 2112 2111 2110 2110 2110
2111 2110 2110 2110 2111 2111 2110 2110 2110 113 2112 2110 614 2114 2114 2112 2112 2112 2110 2110
2111 2110 2110 2111 2110 2110 2110 2110 2110 2110 2110 2110 2110 2110 2110 2111 2110 2110 2110 2110
2110 2110 2110 2114 2114 2114 2114 2114 2114 612 2113 2112 2112 2114 2114 2114 2114 2104 2109 2104
2104 2104 104 2109 2104 2109 2114 512 510 611 2114 2114 2114 2114 2114 2114 2114 2114 2111 2104
2119 2109 2105 2119 2104 2114 2114 2014 2014 2014 2014 2014 2014 2014 2114 2114 2110 2110 110 7210
514 511 2114 2114 2114 2114 2114 2114 2114 412 614 410 110 6911 514 110 6914 511 512 611
7011 419 419 512 514 7115 13514 7114 13314 6814 514 414 419 514 419 411 501 511 1219 6819
7619 1219 6819 419 414 6819 13219 6819 6819 13219 13219 6819 13219 6819 6819 512 512 6914 510 512
514 419 2019 6819 8419 114 410 213 12 3 3710 6810 13210 3784 514 1410 410 410 2011 2011
2010 2010 2011 2010 2010 2014 3882 610 614 614 6614 13214 7010 12810 614 114 111 10110 2004 111
119 111 6810 13210 6510 13210 119 6519 6519 12919 6410 10111 12 3710 112 112 2514 6412 6412 10110
410 414 105 6405 12805 10110 6800 2000 400 3711 3710 414 114 12 5 12 10 6810 14 12
12 11 18 510 12 12 600 510 7000 12900 12 12 204 2104 14 6604 13104 519 3784 2010
2010 12 614 519 514 410 3381 13004 7012 13412 204 6604 2112 610 2002 2000 610 2000 112 111
410 6810 4 110 612 3380 12 12 11 14 3381 11 6407 12807 414 606 10 610 12 13
3380 10 3482 12 514 514 6914 13314 614 414 620 620 414 614 614 12 410 2210 610 410
110 7020 13320 7020 13320 7010 12 511 514 8614 8611 8514 2210 1410 614 614 6850 614 2050 650
6914 612 7012 13312 612 7012 13312 650 514 514 610 114 14 12 12 14 13 13 6912 13312
612 6413 14 14 510 612 613 612 551 551 514 552 514 514 514 2214 614 614 512 514
514 612 611 612 612 611 214 612 613 514 552 7010 13310 7010 13310 512 409 414 14 11
2014 6920 13320 511 812 813 510 510 614 512 512 521 6921 13321 520 6921 13421 511 6911 13311
6911 13411 414 2009 450 450 610 610 610 610 6910 13310 510 500 503 2203 12 410 12 13
11 11 12 12 114 14 6810 14 1410 111 6411 100 411 14 113 1410 6513 12913 410 3310
11 0 6400 12800 410 612 2212 2212 111 112 111 114 510 112 624 614 214 112 114 112
111 111 3310 3310 3310 410 604 12 109 3310 112 3310 112 503 112 1410 1410 6814 514 112
3310 614 810 810 103 6903 114 214 214 111 6511 507 6907 13007 3711 12 3711 10111 520 510
501 501 501 114 14 112 112 211 219 214 14 214 110 110 1619 510 14 12 2119 518
519 6401 12801 111 13 1311 410 6401 101 6810 11 111 14 11 14 14 114 2010 8410 402
1200 1202 6802 1200 3011 2610 3010 114 6812 13210 412 14 14 14 6604 13304 510 510 6910 6910
7004 12904 6504 13004 114 101 101 312 6501 12901 110 14 13 2909 6108 6108 412 611 14 514
111 14 14 11 6412 13212 6414 13214 512 6411 13211 6414 13214 12 510 411 512 6414 13214 512
514 514 514 14 514 410 6414 13214 513 6914 13314 13 614 511 510 114 411 514 514 2909
14 6811 512 412 514 510 513 512 512 112 2202 614 14 414 412 512 610 512 14 520
412 512 514 514 6914 13414 6910 13410 112 2010 6810 8410 112 11 12 2109 2104 2104 14 2102
911 910 911 7213 13613 7212 13612 1619 210 12 114 112 111 12 114 111 410 6810 6512 110
12 114 111 2014 209 516 6916 603 114 6914 12914 514 6916 516 301 114 114 502 6514 13014
114 7014 12914 6514 13014 114 7014 12914 14 614 614 11 214 14 14 110 510 3311 11 9611
3211 114 14 25 514 3210 3210 3210 3210 3310 3311 3311 3310 412 14 6824 7011 13411 6814 14
424 414 14 14 12 12 6812 112 14 14 14 14 111 9 114 114 24 114 6414 6425
125 14 514 13 611 119 9201 412 412 6811 11 9 14 910 910 412 411 6812 6810 13210
613 410 410 614 6811 410 312 12 6614 13214 114 514 612 525 511 12 6412 13212 419 2914
2914 6819 614 7010 13410 614 623 12 12 12 6412 13212 6412 13212 6412 13212 610 6411 13211 411
413 610 411 6811 419 410 510 410 510 6811 510 7010 411 12 6412 13212 110 3310 613 413
6813 12 1114 413 612 114 6405 12805 102 611 5 110 6813 6510 12910 6510 110 12910 11 114
11 14 6514 113 114 6513 12914 112 510 6814 7014 12 12 14 12 6910 514 514 113 6913
6914 13114 614 513 6914 13114 12 14 11 11 614 3780 3380 10180 411 6810 410 410 410 12
110 110 13 114 9780 3380 110 6810 103 5403 5403 2010 113 12 219 6911 13111 511 411 6811
12 13 411 412 411 412 412 413 414 414 414 414 1204 614 1304 110 6510 12910 414 114
2814 3880 3880 114 6514 614 7014 13014 114 10 6514 610 216 6514 5480 5480 5480 5480 12910 6510
12910 108 104 6508 12908 610 410 410 7514 7010 12810 1210 1210 1210 414 610 210 410 410 510
610 114 12 12 12 11 6820 13220 404 406 214 1213 14 810 812 6810 2010 6810 2010 8410
8410 511 511 512 512 414 614 614 7014 514 500 612 512 11810 18210 514 6914 13414 612 413
403 411 419 514 514 6914 6914 6912 614 614 614 8410 410 6913 13313 513 10010 504 512 411
410 514 614 519 512 613 514 614 6810 2010 6811 6810 512 3780 10180 514 514 11 514 113
2411 512 514 512 1214 1214 6610 7014 614 410 410 410 101 1200 1210 1210 100 109 107 103
101 110 6500 12900 6509 12909 6507 12907 6510 12910 6501 12901 6503 12903 2000 2001 600 614 604 2002
2002 5210 2210 2002 600 2002 6610 14 210 3310 3310 2111 8402 8402 8511 12 1210 6514 12914 6514
12914 2002 214 111 414 414 2002 16 6514 12914 114 114 400 6800 114 2013 2014 2014 2011 14
2010 14 14 14 14 12 109 14 614 414 14 12 510 12 12 14 14 510 614 510
2250 2250 6810 6810 6810 6810 6810 6810 6810 6810 6810 6810 6810 6914 12914 610 610 7010 13310 6914
12914 610 7010 13310 610 610 12 6912 12912 514 504 604 11 2250 2250 2250 2050 2050 2050 2250
2250 2050 2250 2050 2050 2050 514 514 6814 12814 6914 13414 114 114 14 14 14 10 114 114
14 10 7210 13610 10 7210 13610 6904 13404 2200 2200 2200 2201 2201 2201 607 112 9 604 6814
12814 2200 2200 2200 2214 614 14 614 609 2215 614 2000 625 1 404 614 3710 6913 12913 111
111 6511 12911 6511 12911 3310 625 614 514 114 12 13 12 11 7014 13314 6804 2004 114 411
6811 112 12 112 3310 5310 111 2105 2109 2102 2119 411 2111 2111 2111 2114 2104 2112 113 612
2113 2110 2112 614 110 110 2111 120 2110 410 12 2212 2212 2050 2250 2250 2051 2050 7014 12914
206 6811 3310 113 9710 16110 510 3381 114 114 14 1614 6513 12914 550 911 514 1310 1310 7314
514 512 512 414 511 511 13 510 14 6914 12 14 12 111 914 3312 16110 114 3312 3310
3312 450 13 13 611 411 14 101 102 402 414 2114 401 11 6811 13 13 11 11 111
414 11 11 11 3480 6 6406 12806 12 414 13 14 11 414 400 203 6600 13000 3480 200
6603 13006 3610 4 14 414 414 14 11 11 2010 2010 2010 8410 8410 2010 2010 8410 612 14
6914 411 512 510 614 603 12 6412 13212 12 6412 13212 410 507 612 6810 612 6800 2000 6514
12914 511 400 614 414 510 6911 14 6911 511 410 6910 614 511 2206 413 6813 411 15 6415
15 6811 6415 2011 214 111 214 1210 214 411 614 10110 16510 6913 13213 4484 414 2023 4484 4483
10080 16480 4410 1210 10940 17240 10010 16410 410 2010 410 2010 1214 410 413 6813 614 511 511 510
514 114 502 502 110 514 612 102 612 514 6914 13414 514 513 514 512 512 514 510 120
120 414 611 6912 112 112 514 12 612 512 7012 502 13214 6814 510 6910 614 510 6912 13312
6412 13212 509 514 5410 5410 5411 5410 6910 613 3210 6010 14 410 410 3310 612 3210 513 411
410 412 7012 13312 7012 13312 510 612 1412 510 510 413 514 3310 410 714 3780 6914 13314 6914
13414 514 6914 13314 610 410 514 6813 112 511 412 513 613 512 512 512 414 413 410 6812
412 413 410 6814 414 604 613 6914 6810 612 510 6910 512 714 502 512 514 6910 6810 514
510 614 3780 7114 13514 6912 112 112 418 411 110 510 514 416 614 2010 510 510 510 6910
6910 6911 13310 6910 8410 514 3310 2100 6914 13414 616 618 511 11 6106 6812 2012 6800 6800 11
11 13 12 412 6812 13212 6812 13212 510 510 612 6910 606 7012 13012 510 6910 510 14 14
410 614 11 12 6811 13411 614 11 411 114 110 110 111 111 114 610 13 11 6811 411
106 411 114 400 12 12 3480 7 3480 613 411 600 12 11 11 14 512 6812 204 600
6812 412 14 211 411 14 3381 412 610 210 6811 1210 612 6604 3481 14 4 2 802 7302
6514 2250 3310 2250 12 14 12 2 610 7010 12910 6911 13311 14 552 6811 13211 6811 2011 8411
2200 511 510 511 14 11 114 2 114 12 12 112 1614 3310 3311 3310 114 113 112 411
3311 110 511 514 804 815 414 414 114 6914 1210 604 602 114 2200 2200 504 714 510 515
514 114 104 13 810 810 114 7014 12914 7014 12914 614 614 2109 2105 2104 1715 1715 5302 5302
5300 114 111 1715 1715 1715 1715 1714 1714 1725 2111 2111 1725 1725 1725 1725 1725 2101 2112 2104
2100 2100 2100 1712 1711 1712 2102 1713 1712 2101 1722 1711 1713 1721 1721 2114 2112 2110 112 2104
904 903 900 903 903 2200 214 614 609 214 6413 12813 6416 12816 5310 16 114 14 107 9
6507 12907 214 414 8400 14804 614 7014 7025 2010 8410 11 612 602 510 12 114 114 2202 14
610 12 12 12 114 114 511 110 6512 12910 510 511 511 514 514 114 111 112 400 110
410 6911 13311 6911 13311 6911 13311 6911 13311 113 114 514 12 3310 6810 20 212 6814 110 3310